place0_001_00_0003 26.578964 [0.9856852  0.98622656 0.98677266 0.98579377 0.987306   0.9866493
 0.98753965 0.98740613 0.98705816 0.98648083 0.985822   0.9872652
 0.9872424  0.98691076 0.986168   0.9866476  0.9868243  0.9875737
 0.98763704 0.98671234 0.98670727 0.986829   0.98724705 0.9872201
 0.98632675 0.9861136  0.9857324  0.9857134  0.987      0.98730713
 0.9866729  0.9868064  0.98629    0.98648703 0.98650134 0.98651034
 0.9864668  0.9873744  0.98729664 0.98748296 0.98688    0.98802876
 0.98734355 0.98742193 0.9878158  0.9877321  0.9870329  0.9866393
 0.98701656 0.9866275  0.98623    0.98540205 0.9852754  0.9850367
 0.9842797  0.98435813 0.9839901  0.9848294  0.9845591  0.985457
 0.98467594 0.9845698  0.9852709  0.9838091  0.9839456  0.9846639
 0.98470074 0.9840923  0.98526776 0.9839578  0.9855593  0.98544306
 0.9857955  0.9853492  0.9844402  0.9844239  0.9855728  0.98499364
 0.9845415  0.98519415 0.98548436 0.9852359  0.9860198  0.9849544
 0.9865947  0.9862376  0.9857196  0.9861311  0.9861035  0.985588
 0.9848805  0.9846059  0.98440766 0.9846855  0.9844948  0.985347
 0.984367   0.9856263  0.9851994  0.98467064 0.9840839  0.98388106
 0.9849216  0.98416835 0.98317254 0.9838975  0.9840817  0.9843805
 0.98527163 0.98502845 0.98508626 0.98594373 0.9867846  0.98624516
 0.9867489  0.98562944 0.9863598  0.9864341  0.98573995 0.98545223
 0.98607415 0.9856639  0.98493415 0.9853673  0.9853434  0.9843559
 0.985232   0.9862978  0.985771   0.9851884  0.9856893  0.98497784
 0.9854588  0.9859565  0.9864708  0.9856017  0.985432   0.98604965
 0.98567647 0.9849814  0.98559207 0.9862628  0.9853473  0.98512846
 0.98572904 0.9857625  0.98598087 0.98532015 0.9866138  0.9866892
 0.9859051  0.9852076  0.98486096 0.985225   0.9845368  0.98439944
 0.98509663 0.9857528  0.9852988  0.9863946  0.9861325  0.9860786
 0.98598206 0.9861242  0.98614305 0.98700684 0.9866241  0.98647714
 0.9861084  0.98539764 0.9862378  0.986613   0.9865171  0.9855078
 0.98618615 0.9858216  0.98650664 0.98571646 0.9859652  0.9866849
 0.98630935 0.9874368  0.986455   0.986154   0.9863185  0.9872496
 0.9861072  0.9855565  0.9857049  0.9863968  0.9865138  0.9858647
 0.98756236 0.98698425 0.98662716 0.986543   0.9875961  0.98614466
 0.98675483 0.98486197] 6.972931896521096e-05
place0_001_05_0001 27.084597 [0.9856448  0.9866609  0.98633575 0.9873083  0.9867255  0.9873489
 0.9866118  0.9869929  0.9866366  0.986567   0.9870703  0.98767835
 0.9877829  0.98879254 0.9875717  0.98761135 0.9874395  0.9872004
 0.98821104 0.98697704 0.985813   0.9867117  0.9867032  0.98667264
 0.9868984  0.9871815  0.9861122  0.98708946 0.9875392  0.98822725
 0.98786616 0.98554504 0.9859015  0.9863739  0.98628056 0.98656666
 0.98649246 0.9869772  0.9872068  0.985162   0.9867351  0.98695546
 0.9880347  0.9874669  0.98739547 0.9878076  0.9875592  0.98594016
 0.98790497 0.98694915 0.98734486 0.98752934 0.9881711  0.9875472
 0.98741394 0.9861661  0.9865294  0.98761934 0.9876967  0.9875196
 0.9866416  0.9855097  0.9855924  0.9864468  0.9866072  0.98728466
 0.98710525 0.98700297 0.98744595 0.9863004  0.98688114 0.98781574
 0.98717546 0.98596203 0.9870098  0.9866292  0.9870355  0.985955
 0.9854256  0.98748815 0.98764294 0.9877121  0.98776186 0.98822796
 0.98887    0.98682576 0.9871931  0.9894012  0.9893273  0.9876014
 0.9887579  0.988024   0.9858741  0.9869304  0.9869126  0.9865402
 0.9865201  0.98711574 0.9861688  0.98694867 0.98696715 0.9868471
 0.98761684 0.9872245  0.9876079  0.9866813  0.9875131  0.9872312
 0.9872824  0.9865295  0.9874491  0.9861281  0.9873282  0.98746693
 0.98831815 0.98813254 0.9881263  0.9873638  0.9867734  0.986008
 0.9854382  0.9866436  0.9848864  0.9862734  0.9861277  0.98587805
 0.9865388  0.9878296  0.98595595 0.9870329  0.9863633  0.98526055
 0.9855323  0.9874684  0.98866075 0.988424   0.9886071  0.9896925
 0.98779076 0.98881024 0.9879338  0.9862807  0.98790324 0.98817474
 0.9892485  0.9878953  0.98907423 0.9878888  0.98707855 0.9885128
 0.9871793  0.98809916 0.9878713  0.9870006  0.98705536 0.98757327
 0.98737645 0.9868042  0.98746234 0.9885481  0.9858479  0.9871262
 0.986675   0.9867809  0.9871238  0.98845965 0.987783   0.98642147
 0.9869783  0.98753196 0.98776996 0.9873509  0.98666006 0.98689306
 0.98715585 0.9865493  0.9880243  0.98872745 0.9892926  0.98900884
 0.9884471  0.9871996  0.98823553 0.98810583 0.98832196 0.98787695
 0.9878743  0.9876534  0.9875206  0.9885568  0.98820806 0.9877688
 0.98777425 0.9876095  0.9876199  0.98777765 0.98805517 0.9865526
 0.9874484  0.98609006] 0.0002622094167716056
place0_001_05_0006 26.258282 [0.9834316  0.9857639  0.9826783  0.9832231  0.985655   0.9862905
 0.9833325  0.98609966 0.9837229  0.9844859  0.9839971  0.9848352
 0.98472977 0.98536897 0.9854241  0.986215   0.9848475  0.98472744
 0.98598903 0.98627245 0.98534    0.9851044  0.9854933  0.98456246
 0.9847512  0.98499346 0.9839467  0.9839459  0.98283565 0.98413134
 0.98319346 0.9836839  0.983155   0.98374295 0.98407555 0.98286706
 0.983522   0.9848556  0.9851841  0.9849262  0.98395586 0.98445535
 0.9852271  0.98410505 0.98478496 0.98418444 0.98430824 0.98417497
 0.98508954 0.9835808  0.98457026 0.98366666 0.9845863  0.9837872
 0.9851192  0.98418224 0.9831996  0.98218143 0.9829226  0.98344356
 0.98260707 0.98271203 0.9817803  0.980935   0.9819898  0.98302746
 0.9837863  0.98389274 0.9840109  0.9826976  0.98442036 0.9832631
 0.984345   0.9846184  0.9853095  0.98370236 0.98421466 0.98408157
 0.9855491  0.98403144 0.9824898  0.9825532  0.9836713  0.9812057
 0.9806151  0.9819953  0.98250395 0.9825071  0.9812072  0.9807485
 0.9823075  0.98243034 0.98183966 0.9818328  0.9812694  0.98146445
 0.9815763  0.9818086  0.98308897 0.9832748  0.98316336 0.98322856
 0.98377687 0.982287   0.9825052  0.9825905  0.9833062  0.98289263
 0.9839431  0.98339987 0.98205787 0.98440737 0.9840649  0.98398334
 0.9847415  0.9850118  0.98429596 0.98492116 0.9852925  0.9854564
 0.9851369  0.9843702  0.9845822  0.9846721  0.984719   0.9845285
 0.98493844 0.98522377 0.9850985  0.9851777  0.9849281  0.98483056
 0.98466355 0.9850481  0.98536366 0.98538196 0.98526037 0.9848646
 0.98513854 0.98470145 0.98485464 0.9848623  0.98503554 0.98525363
 0.9852888  0.9853443  0.9854069  0.9853274  0.98532075 0.98535085
 0.9852784  0.9850484  0.9847119  0.9842789  0.98394674 0.9848536
 0.9843694  0.9840303  0.9844696  0.98442465 0.9851377  0.9851859
 0.98512036 0.9848412  0.9850751  0.98612016 0.98543197 0.98578507
 0.9853822  0.9852511  0.98535806 0.9855054  0.98552495 0.98519653
 0.98547405 0.9852278  0.9855474  0.9857513  0.9857069  0.98516375
 0.98515433 0.98559326 0.9853728  0.9850335  0.98553056 0.9847847
 0.9845563  0.9849994  0.9849292  0.9852864  0.98566985 0.9855117
 0.9855646  0.9854304  0.9854265  0.98496205 0.98437023 0.9840984
 0.9843857  0.9835716 ] 0.00011499936323516294
place0_001_10_0003 23.318272 [0.97736114 0.9785148  0.97824895 0.97761786 0.9772933  0.9774605
 0.9784249  0.9778924  0.9787389  0.97851586 0.9767739  0.9764364
 0.9750487  0.9740834  0.9723916  0.97143805 0.9730092  0.9725628
 0.9724315  0.97276306 0.9743701  0.97599304 0.978615   0.9824639
 0.9823146  0.9824936  0.98235494 0.9824403  0.98221725 0.9814957
 0.98154753 0.98027945 0.9776378  0.97431946 0.9722914  0.9645362
 0.9655341  0.96598524 0.9697531  0.9697854  0.96664065 0.963213
 0.9587602  0.95727515 0.9582141  0.96152276 0.9625504  0.96232486
 0.9598017  0.95599395 0.9507692  0.9461432  0.9441789  0.9424291
 0.94426507 0.9452803  0.9447771  0.9437437  0.9389642  0.9341765
 0.9314882  0.9325414  0.9346481  0.93358684 0.92816573 0.9216
 0.9151908  0.91692495 0.92228806 0.9281471  0.93477356 0.94214714
 0.9483191  0.9528578  0.95401454 0.95429534 0.9541604  0.95825106
 0.9616493  0.9634303  0.96360683 0.96255034 0.9624003  0.96346307
 0.9646397  0.96485263 0.96680593 0.9660907  0.9644213  0.9639623
 0.96429694 0.9629295  0.9647116  0.9671775  0.9657058  0.96400315
 0.96386784 0.96153325 0.9632581  0.9650144  0.96583354 0.9664967
 0.96307355 0.96103746 0.9591196  0.9586202  0.95935184 0.9597807
 0.96216345 0.9638777  0.9643299  0.9638793  0.9644705  0.96431375
 0.9682463  0.96711016 0.96811736 0.9687271  0.96809524 0.96553624
 0.9656424  0.96704847 0.96744436 0.9678655  0.9710644  0.9724851
 0.9712875  0.97351146 0.97430474 0.9744217  0.9757549  0.97549725
 0.9749408  0.97428817 0.9763092  0.9752273  0.97568744 0.97507507
 0.9748441  0.97503656 0.9757344  0.9764091  0.97582614 0.9757126
 0.9746855  0.9759123  0.97673506 0.97664076 0.9759314  0.97566265
 0.9755763  0.97618866 0.9744966  0.97324085 0.97186816 0.972957
 0.97267705 0.9736558  0.9739507  0.9745464  0.97544074 0.97466296
 0.97496104 0.97440195 0.9751335  0.9747418  0.9743004  0.97450393
 0.9737897  0.97433025 0.9744202  0.9755129  0.9758466  0.9751673
 0.9753395  0.97546834 0.9752513  0.97464615 0.9743409  0.9748699
 0.97511655 0.9753251  0.97478104 0.9749671  0.97511405 0.97478384
 0.9752937  0.9762529  0.97508264 0.9765561  0.97654444 0.9760751
 0.9766076  0.9765076  0.97614235 0.9778417  0.9743733  0.975085
 0.97394747 0.9719729 ] 0.00033825886472684305
place0_001_10_0006 26.71607 [0.98379767 0.984694   0.9844235  0.9841018  0.98363215 0.9832162
 0.98361087 0.984286   0.9853841  0.9843528  0.98418474 0.9848273
 0.98449385 0.9845274  0.98443466 0.9838401  0.98382175 0.985175
 0.98476    0.9854563  0.98521835 0.98583794 0.98578006 0.9864131
 0.98492885 0.9857183  0.9867303  0.98763597 0.9878815  0.98703897
 0.98715174 0.9874664  0.98712814 0.9877245  0.98647356 0.9871294
 0.98758876 0.98817897 0.9878472  0.987871   0.98763776 0.9875863
 0.98748475 0.98627794 0.98593855 0.98524237 0.9857485  0.98603183
 0.9868583  0.98661584 0.98568684 0.98707014 0.9857438  0.9841933
 0.984408   0.9847324  0.9838163  0.9843771  0.9845278  0.98452747
 0.9839744  0.9836785  0.9830504  0.9836251  0.98345363 0.98462445
 0.9848652  0.98462045 0.9850071  0.98452634 0.98502994 0.98447365
 0.9855842  0.9858579  0.9859761  0.98629314 0.98477626 0.98535633
 0.9861394  0.98431647 0.98642415 0.9864912  0.9853105  0.9859162
 0.9862663  0.9861362  0.98601574 0.98595023 0.98624486 0.9855498
 0.9863409  0.98457825 0.98509395 0.9857734  0.98484665 0.98579663
 0.98622626 0.98621243 0.9861813  0.98645794 0.98599946 0.9863923
 0.98671657 0.98633367 0.98644745 0.98579    0.9866344  0.98537195
 0.98540956 0.98572636 0.98576534 0.9867114  0.98620594 0.98710954
 0.9867297  0.98621404 0.9869706  0.98694974 0.9854078  0.9863605
 0.98631203 0.9872977  0.9850339  0.9859523  0.9848213  0.9859633
 0.98674315 0.9873154  0.98745173 0.9875399  0.986795   0.9874271
 0.9881569  0.988123   0.9877362  0.98773164 0.9872085  0.98547125
 0.9865586  0.98695445 0.98627836 0.9859919  0.9863308  0.9858053
 0.9852374  0.9848643  0.9857811  0.98598987 0.9853187  0.986222
 0.9872925  0.98727256 0.9858153  0.98695445 0.9864754  0.9868509
 0.98698306 0.9867159  0.986551   0.9882322  0.9866879  0.9865819
 0.9866136  0.98657084 0.9865642  0.98656535 0.98630697 0.98700887
 0.98649937 0.98676753 0.98744065 0.9867997  0.9867948  0.9857841
 0.9865895  0.987102   0.98775697 0.98756593 0.9871079  0.98709
 0.98726165 0.9877681  0.98779577 0.9880294  0.98659146 0.9869409
 0.9883123  0.9881153  0.9878237  0.98783356 0.9876982  0.98761016
 0.9879937  0.9874588  0.98699903 0.9862279  0.9865879  0.98687613
 0.98602015 0.9859681 ] 0.0002735083939793225
place0_001_10_0008 26.442987 [0.9844497  0.98616594 0.98571384 0.9856335  0.9849073  0.98646075
 0.9859279  0.9864561  0.986157   0.9861107  0.98677874 0.98703206
 0.98631495 0.9861907  0.98687    0.9865534  0.98655117 0.98643875
 0.9863809  0.98644465 0.9857769  0.985086   0.9856444  0.9855948
 0.9857636  0.985289   0.98628914 0.98640347 0.98654854 0.9867536
 0.9850296  0.9847574  0.9853921  0.98517555 0.98587435 0.9856479
 0.98544383 0.98579806 0.98583925 0.9858126  0.98568285 0.98565596
 0.98572755 0.9868131  0.98709863 0.9871033  0.9866708  0.98679006
 0.9854464  0.9853998  0.98534024 0.98557633 0.9853058  0.9859499
 0.9861873  0.9850764  0.98584014 0.9852677  0.98538613 0.9856374
 0.9856792  0.9846455  0.9851955  0.9855309  0.9853281  0.9862097
 0.9866175  0.9863169  0.9864239  0.9851461  0.9859806  0.9862336
 0.98559314 0.9858373  0.98549545 0.9857057  0.9859668  0.98596245
 0.9857274  0.98549354 0.98527944 0.9862234  0.98563856 0.9861193
 0.9857574  0.98617864 0.9867571  0.98642313 0.98662347 0.98654646
 0.98647034 0.9861442  0.9855033  0.98493195 0.9853676  0.9852094
 0.9859794  0.98636425 0.98671204 0.9865734  0.9867001  0.9865954
 0.9867004  0.98583585 0.98628324 0.9863432  0.9865513  0.98736995
 0.98683286 0.9862553  0.98529345 0.9855156  0.98520565 0.985253
 0.98522234 0.98576355 0.98647106 0.98658967 0.9867969  0.9865653
 0.98652834 0.98635906 0.9861713  0.9856374  0.98524916 0.98511493
 0.9857003  0.98624027 0.9866134  0.9856837  0.98520404 0.985291
 0.98563355 0.9858738  0.98575354 0.98683375 0.98682755 0.9862027
 0.9863112  0.98674506 0.9869277  0.98555845 0.9855283  0.98603237
 0.9856236  0.986268   0.9857194  0.9859677  0.9864132  0.9857706
 0.98624897 0.9866141  0.98630625 0.9862262  0.9857509  0.98520035
 0.98580235 0.9865871  0.9863207  0.98631823 0.98699415 0.98629606
 0.9863564  0.986415   0.98605305 0.9867977  0.9864624  0.98677164
 0.9860999  0.98664623 0.9859184  0.9864294  0.9862267  0.98581964
 0.9850742  0.9866536  0.9867932  0.9864701  0.9854917  0.9862048
 0.9865967  0.9866151  0.98689336 0.98676723 0.9866225  0.98588675
 0.9861738  0.98639125 0.985802   0.98631674 0.9868579  0.9867518
 0.9866373  0.9852004  0.9862681  0.9862242  0.9863727  0.98609734
 0.98530024 0.98346364] 3.31646326345272e-05
place0_001_15_0004 26.195986 [0.98454773 0.9850427  0.9850814  0.9849818  0.98519504 0.98441154
 0.9848892  0.98548836 0.9850524  0.9850237  0.9846391  0.9856141
 0.9842872  0.9845971  0.98444825 0.98492754 0.9855876  0.9861493
 0.98521805 0.9859129  0.9860212  0.9860241  0.9860468  0.9862798
 0.9854876  0.98669535 0.9851543  0.9859009  0.98506814 0.98493767
 0.9839786  0.9841236  0.9845176  0.9851475  0.9848838  0.98545945
 0.9855063  0.9850814  0.98565006 0.9854891  0.9856628  0.9850595
 0.9856663  0.98472637 0.9856517  0.98461485 0.985216   0.9849742
 0.9847773  0.98420805 0.9848239  0.9851475  0.98453104 0.98483837
 0.98459816 0.9846137  0.98444206 0.98479337 0.98462456 0.98497593
 0.9842945  0.98393786 0.9841773  0.9845073  0.9844126  0.9845273
 0.98494035 0.98484653 0.98490334 0.9850185  0.98451823 0.98586166
 0.9851617  0.9853658  0.98549557 0.98581904 0.98576    0.9852254
 0.98527056 0.98576266 0.9855987  0.9858644  0.9856841  0.9853807
 0.98542213 0.9855624  0.9855238  0.98549014 0.9844202  0.98463166
 0.9850106  0.9850932  0.9845287  0.98449796 0.9842075  0.98424864
 0.9845748  0.9853313  0.9859184  0.98564744 0.98623633 0.98584455
 0.9855974  0.98576975 0.98563343 0.98558766 0.9856395  0.9855322
 0.9849857  0.9849685  0.98572105 0.9855639  0.98492825 0.9842186
 0.98325616 0.983146   0.9822998  0.9822506  0.98208475 0.9822522
 0.9830805  0.9812608  0.9800325  0.9808862  0.9801736  0.98075205
 0.9810266  0.9810592  0.981693   0.9824034  0.9829897  0.9844668
 0.9841404  0.98588926 0.98692065 0.9856359  0.9858803  0.98630923
 0.98571014 0.98625755 0.98670644 0.9867687  0.98737276 0.98736787
 0.988554   0.9887417  0.98823375 0.9895247  0.9895784  0.98959935
 0.99058115 0.98974484 0.9886588  0.9888358  0.98853344 0.9883283
 0.9886046  0.98868823 0.9888129  0.98909324 0.9885917  0.9888145
 0.98817056 0.98834914 0.98822397 0.98801214 0.98867494 0.9882171
 0.9880368  0.9865143  0.98678666 0.98680955 0.98640895 0.98638475
 0.98605573 0.98580545 0.9850722  0.98429614 0.982733   0.9838609
 0.9833561  0.9833881  0.98438567 0.9832147  0.98296905 0.98283356
 0.9831167  0.9834061  0.98296595 0.98335046 0.98385143 0.98334044
 0.98358434 0.9836675  0.9840203  0.983778   0.98363626 0.9835888
 0.98369235 0.98310435] 0.000205010806676405
place0_001_15_0009 23.63506 [0.9707879  0.97181755 0.97141874 0.9729062  0.9708434  0.9718084
 0.9706429  0.97024894 0.9705284  0.9689596  0.96858686 0.9690823
 0.96957165 0.97007424 0.9695685  0.9703919  0.97017056 0.9712796
 0.97135895 0.97078544 0.97087175 0.9713861  0.9713323  0.9714427
 0.97104806 0.9717487  0.9705456  0.9703617  0.97077197 0.9711726
 0.97056955 0.96897453 0.97001374 0.97073233 0.9713546  0.9714608
 0.97147095 0.9712327  0.9720737  0.97125936 0.97113657 0.971654
 0.9717148  0.9717673  0.97081894 0.9715427  0.97145134 0.9717217
 0.97189516 0.97180253 0.97182876 0.9726728  0.972239   0.9739863
 0.9738143  0.97414696 0.9740679  0.9740749  0.97402585 0.97442365
 0.97397554 0.9729688  0.97226644 0.9729389  0.9738799  0.97352374
 0.9745268  0.97434    0.97440094 0.9739075  0.9740121  0.97290826
 0.97267264 0.9731395  0.9737027  0.9734485  0.9732893  0.9731179
 0.97336537 0.9732475  0.97293955 0.9733396  0.9728197  0.97230464
 0.97222733 0.97235286 0.97235656 0.97174823 0.9722272  0.9727343
 0.9724511  0.97191805 0.9714218  0.97093594 0.9714994  0.9711165
 0.9717909  0.9724816  0.9716757  0.97157156 0.97189337 0.97319806
 0.9738549  0.9734253  0.9736904  0.97318614 0.9733295  0.9734167
 0.9729684  0.9734746  0.9732878  0.97315407 0.97287464 0.9720228
 0.97236454 0.972698   0.9727923  0.97285956 0.9731529  0.9731305
 0.9739771  0.97349364 0.9731339  0.9719452  0.97145784 0.9716273
 0.9728646  0.97293174 0.9724269  0.9724214  0.97229683 0.9737354
 0.97346175 0.9736951  0.973352   0.97394305 0.97424763 0.9741539
 0.97373796 0.97407925 0.97337717 0.97480893 0.97428405 0.9730854
 0.9738074  0.9731239  0.9739251  0.97355723 0.9736857  0.9743498
 0.9737774  0.9742406  0.9733413  0.9732234  0.97233397 0.97201717
 0.9726928  0.97372526 0.9745051  0.97468865 0.974809   0.9753851
 0.97547257 0.97551394 0.97566545 0.97579706 0.9757408  0.9753889
 0.9738349  0.97447455 0.97477394 0.97393507 0.9729611  0.9729037
 0.9730756  0.97323954 0.97336996 0.97376394 0.9742937  0.97340757
 0.97364485 0.97422296 0.9749521  0.9745964  0.9730431  0.974143
 0.97230655 0.97287214 0.9725999  0.9733408  0.9735891  0.9745191
 0.9745144  0.97443855 0.9741307  0.97307    0.9742804  0.974437
 0.9743043  0.971857  ] 0.0016265136386120938
place0_001_20_0004 24.357637 [0.9710165  0.9723722  0.97213537 0.9714117  0.97269386 0.9724563
 0.97270936 0.9731554  0.9718433  0.9718657  0.9724328  0.9729629
 0.9736169  0.97327733 0.97232914 0.9721253  0.97248644 0.9720258
 0.9726544  0.97246724 0.9724072  0.97170645 0.9713845  0.9717408
 0.97146326 0.97108924 0.9713902  0.9714097  0.97099835 0.97120917
 0.9696615  0.96925545 0.9699463  0.9702012  0.9711788  0.9726375
 0.97239953 0.9723616  0.9727239  0.9731346  0.9721211  0.971898
 0.9725902  0.9732308  0.9730338  0.9728086  0.9721658  0.97205967
 0.9710349  0.97105175 0.9721658  0.972341   0.9722144  0.9719231
 0.97193897 0.97110337 0.971698   0.97319347 0.9725086  0.9727985
 0.9725905  0.97217685 0.97110707 0.971424   0.97246903 0.9721114
 0.9738018  0.97444415 0.9747144  0.9744406  0.9737862  0.9739617
 0.97370416 0.97389466 0.9739666  0.97286475 0.9720669  0.9722501
 0.97202116 0.9715745  0.97198063 0.97127473 0.9720263  0.9726199
 0.97246903 0.9731793  0.9724417  0.9733839  0.9723692  0.9733383
 0.97251993 0.9714961  0.9704244  0.9711394  0.97196543 0.97284985
 0.97248864 0.9724192  0.9716006  0.971941   0.97151834 0.9728148
 0.972116   0.9709936  0.9725647  0.9722488  0.9702929  0.9713435
 0.97083914 0.97174233 0.97200847 0.9718962  0.97218925 0.97381073
 0.97474223 0.97387654 0.97412586 0.9742865  0.9725143  0.9726923
 0.97290945 0.97197497 0.97132856 0.971323   0.9702036  0.9701625
 0.97138345 0.9709581  0.9716494  0.9716978  0.97175974 0.9718964
 0.9731069  0.97426695 0.9756231  0.9772818  0.9798229  0.98130715
 0.9827134  0.982317   0.9837813  0.98320854 0.983484   0.98381305
 0.9840448  0.98335433 0.9839678  0.9846677  0.9865817  0.98532754
 0.98622185 0.98781335 0.9874375  0.9877553  0.986388   0.9868347
 0.9856228  0.98639894 0.98507464 0.98551214 0.9856982  0.9856304
 0.984357   0.9830656  0.98326576 0.98296666 0.9827668  0.98285145
 0.98249644 0.97945386 0.978127   0.9804296  0.97813296 0.9798136
 0.9797838  0.97983605 0.97970504 0.9776391  0.97717595 0.9784164
 0.97856516 0.97745717 0.9779893  0.97821814 0.9786072  0.9790154
 0.97763646 0.97949827 0.9806521  0.97890794 0.9789143  0.9772639
 0.97754335 0.97834456 0.97845304 0.9795365  0.9790485  0.97765416
 0.9789238  0.9783592 ] 0.0010864770634413461
place1_001_00_0007 29.185606 [0.9906159  0.99187344 0.9925859  0.99163574 0.9922438  0.99276674
 0.9923747  0.991951   0.9922741  0.99153185 0.9915842  0.99164605
 0.992552   0.99242836 0.99187684 0.9916856  0.99253964 0.9913102
 0.9914698  0.9921264  0.992287   0.99220026 0.99203146 0.9918852
 0.9917657  0.9919819  0.99277276 0.9916111  0.9926923  0.9918008
 0.9920677  0.99226725 0.9925733  0.992215   0.99240386 0.99216455
 0.9921241  0.9928746  0.99249405 0.99314153 0.9927236  0.9929163
 0.99308974 0.99269265 0.9920551  0.99327505 0.9933972  0.9932905
 0.99337745 0.9930411  0.9922976  0.9919952  0.992123   0.99298126
 0.99293786 0.9932544  0.99336064 0.99261105 0.99195695 0.9925608
 0.99308884 0.99261266 0.9919757  0.9929394  0.9928982  0.9928204
 0.9925065  0.9922438  0.9931864  0.99294823 0.9928575  0.9925805
 0.9927948  0.9932989  0.99346447 0.99356484 0.9932485  0.99327236
 0.99251187 0.9931353  0.9931269  0.9935421  0.99319184 0.9936005
 0.99268144 0.9931201  0.9932728  0.9933202  0.9926446  0.99258304
 0.9923037  0.9918188  0.9928531  0.992449   0.992529   0.9926644
 0.9928748  0.99301744 0.99323    0.99254555 0.993102   0.9934289
 0.99348694 0.9934716  0.99328965 0.99219984 0.99202895 0.99309564
 0.99306494 0.9931098  0.9929688  0.99272555 0.9932367  0.99316657
 0.9929259  0.9923435  0.9919753  0.99261355 0.9931616  0.99355394
 0.993382   0.99340475 0.99318635 0.9925133  0.9928044  0.99355745
 0.9935266  0.9937076  0.9923764  0.9922788  0.99275875 0.99222773
 0.99305266 0.9927082  0.9929405  0.99290794 0.9918062  0.99260604
 0.99269295 0.992633   0.9923053  0.9922576  0.99290246 0.9924849
 0.99283206 0.99327236 0.9917667  0.9934329  0.9929862  0.99182844
 0.9926681  0.99294025 0.9927191  0.9919147  0.9916465  0.9927071
 0.9924038  0.9933428  0.9930545  0.99238735 0.9927089  0.9929881
 0.99269706 0.99275863 0.9933305  0.99301815 0.99365413 0.9928065
 0.9924071  0.9933364  0.9928087  0.9929054  0.99284816 0.99292177
 0.99237996 0.99237317 0.992806   0.9923915  0.99279964 0.9929916
 0.9929253  0.9923734  0.99298894 0.99221766 0.9922879  0.99254
 0.9939457  0.9925441  0.9933174  0.9934939  0.99336743 0.99331206
 0.99186057 0.9924974  0.99225557 0.99259144 0.99249095 0.99215007
 0.9915077  0.9915592 ] 0.0008021524368636366
place1_001_05_0008 29.43443 [0.99278754 0.9930511  0.9933624  0.99363446 0.99275947 0.9933306
 0.9932704  0.9924724  0.9927233  0.99278337 0.99350953 0.9935873
 0.9923997  0.99301535 0.9931315  0.9930713  0.99400365 0.99382013
 0.99335754 0.99339014 0.99272805 0.9928781  0.99372506 0.9934021
 0.994163   0.99407274 0.99364954 0.9935714  0.9933335  0.9931584
 0.9933253  0.9928546  0.9928071  0.9928613  0.9932273  0.993157
 0.9934258  0.99340266 0.99358666 0.99327    0.9931776  0.99355346
 0.99286014 0.9933773  0.9931868  0.9930954  0.99325603 0.9936949
 0.9931976  0.99315685 0.99329954 0.99301594 0.993634   0.9932595
 0.99398285 0.99383575 0.99356127 0.9934497  0.99346936 0.99341303
 0.9926236  0.9919328  0.9926555  0.99254507 0.99314415 0.9926274
 0.9931889  0.9931412  0.99284506 0.99276406 0.992626   0.9926958
 0.9921901  0.99247944 0.99208087 0.99224967 0.99284494 0.99279296
 0.9920021  0.99271977 0.99263775 0.99226594 0.9928699  0.9926236
 0.99258214 0.9923895  0.9927743  0.99286133 0.9920437  0.9922079
 0.9926094  0.99273735 0.9924289  0.9915475  0.9930919  0.99268943
 0.99236685 0.9930806  0.99352425 0.9933657  0.99340916 0.9933137
 0.99361354 0.99345386 0.9931942  0.99307287 0.99336284 0.9929969
 0.9930949  0.99319583 0.9937372  0.99357027 0.99335283 0.9934305
 0.9931629  0.99324495 0.9931361  0.99324065 0.9932142  0.99355125
 0.99311304 0.9931532  0.9930907  0.992596   0.99254405 0.9926298
 0.9926482  0.9931218  0.99297345 0.99327976 0.99270254 0.993634
 0.9934162  0.99346787 0.99313855 0.99348253 0.9929831  0.99261445
 0.9916949  0.9924646  0.99280566 0.99312705 0.9927189  0.9930456
 0.992871   0.9921689  0.9927402  0.99311376 0.99316144 0.9931007
 0.9931787  0.9932136  0.99321604 0.99304795 0.9931932  0.9923174
 0.99289554 0.9925995  0.9926633  0.9926196  0.9922366  0.99271667
 0.99262834 0.9930142  0.99329925 0.9931646  0.9932067  0.99333996
 0.9923928  0.99292415 0.99290574 0.99303913 0.993044   0.9932045
 0.99297273 0.9933377  0.9931001  0.9930701  0.992922   0.9930804
 0.99272734 0.9930119  0.9928615  0.993069   0.99269223 0.9927028
 0.9923764  0.9925296  0.9928838  0.99278855 0.99338114 0.9931191
 0.99240327 0.9925993  0.99311346 0.99258274 0.99267906 0.992395
 0.9925876  0.99165547] 0.001205015547001799
place1_001_15_0009 29.194307 [0.99223274 0.9929503  0.99259126 0.992957   0.9922486  0.99244964
 0.99161696 0.99062794 0.9903428  0.9916485  0.99080575 0.9921587
 0.9917903  0.9917651  0.9921772  0.9921767  0.9921222  0.99325836
 0.99325675 0.9932929  0.99322075 0.9932346  0.9928374  0.99260664
 0.99262726 0.9921961  0.991805   0.99223    0.9920835  0.9918796
 0.9914339  0.9917952  0.9923279  0.99265623 0.9933946  0.9927784
 0.9929598  0.9933264  0.99277306 0.9928816  0.99202496 0.9925034
 0.99212164 0.9927292  0.9933411  0.99280685 0.9931857  0.9929728
 0.9922275  0.992575   0.9928956  0.9931026  0.9925844  0.9933583
 0.9934762  0.9924949  0.99340385 0.9937807  0.9933238  0.9940554
 0.99300337 0.99303854 0.9922585  0.9925225  0.99231684 0.9919805
 0.9917976  0.99224734 0.99168926 0.99233    0.9912326  0.99180615
 0.9912123  0.99116296 0.9916136  0.991479   0.9915203  0.99199474
 0.99239206 0.9922795  0.991618   0.9921726  0.9921378  0.99191546
 0.99169797 0.99200475 0.9923374  0.99267656 0.9928839  0.9927712
 0.9928491  0.9926995  0.9921512  0.9923226  0.99173546 0.9924442
 0.99265146 0.99280256 0.99298906 0.99354726 0.9932977  0.9918424
 0.99202645 0.9919955  0.9925608  0.9929069  0.99312276 0.99201864
 0.99295044 0.9920444  0.99149233 0.9921028  0.9924482  0.9923948
 0.99291515 0.99140364 0.9927841  0.99322295 0.9928996  0.99336
 0.99237597 0.9920496  0.99317765 0.9925223  0.99275666 0.99277943
 0.9930661  0.9935211  0.9929503  0.9938117  0.9940182  0.99324375
 0.9943953  0.9928257  0.99268234 0.99248254 0.9923888  0.9930288
 0.9928833  0.99262786 0.9918851  0.9911813  0.9916925  0.9925973
 0.99343276 0.9935353  0.99329776 0.99320465 0.9925681  0.99249125
 0.99271464 0.9932359  0.99249303 0.99266803 0.9924439  0.99267197
 0.9931916  0.99261475 0.99318093 0.9931773  0.99324393 0.99322766
 0.9936007  0.99400556 0.9937719  0.9937946  0.9940928  0.99371225
 0.99316835 0.99357647 0.99374396 0.99337643 0.99371654 0.9936553
 0.9933953  0.9933294  0.9932123  0.99302393 0.99308026 0.9929227
 0.9928937  0.9929318  0.9929868  0.99310005 0.9931067  0.9933225
 0.99311733 0.9929958  0.9939057  0.9932676  0.9931583  0.99380255
 0.99296033 0.99348855 0.9928873  0.9934491  0.99363446 0.99369687
 0.9927025  0.99347085] 0.001142398705615228
place1_001_20_0001 28.012608 [0.99147266 0.991701   0.992086   0.9914812  0.9913882  0.9909988
 0.9914707  0.9912277  0.99153465 0.9915383  0.9918411  0.99085575
 0.9910155  0.991582   0.99140066 0.9914177  0.99181277 0.99112624
 0.99070966 0.99088746 0.9911139  0.9920755  0.99198383 0.9918987
 0.99175626 0.99187464 0.9920507  0.99139905 0.99111843 0.99159414
 0.99109375 0.99117595 0.9918303  0.9917828  0.9930957  0.9936014
 0.9932683  0.99313617 0.99475753 0.9936744  0.99295646 0.99233085
 0.99077    0.9901492  0.9886047  0.98927706 0.9885999  0.9878023
 0.9865228  0.9869965  0.9877907  0.98802257 0.98948264 0.9890666
 0.9890504  0.9885605  0.98906946 0.9892188  0.988875   0.98882157
 0.9892277  0.9893601  0.9884809  0.98833853 0.9887293  0.9895327
 0.9885587  0.989428   0.9897626  0.9893179  0.9888269  0.9897896
 0.98932356 0.9900712  0.99041253 0.9902055  0.9887892  0.9887449
 0.9899248  0.98902154 0.98968947 0.98861676 0.9893404  0.989315
 0.9887347  0.9891908  0.9893333  0.98975515 0.989287   0.98949283
 0.9887117  0.98970443 0.9891773  0.9892152  0.9883697  0.98891824
 0.9893729  0.9897364  0.9899649  0.9890706  0.9891572  0.9892992
 0.98899245 0.9895724  0.9888008  0.9892839  0.9897956  0.98887897
 0.988967   0.9899353  0.98947674 0.9901815  0.989231   0.98983145
 0.9887233  0.99015594 0.99016386 0.9905809  0.98997366 0.98944324
 0.98999625 0.9891016  0.98900086 0.989612   0.989747   0.9901925
 0.989863   0.9905637  0.9913504  0.9899723  0.990185   0.99082935
 0.99151385 0.99068236 0.9908218  0.9901428  0.9897276  0.98974395
 0.9906242  0.99100226 0.99154747 0.99181277 0.99148035 0.99200696
 0.9922775  0.99265814 0.9916902  0.9919348  0.99109894 0.99181503
 0.9909862  0.9917176  0.99201596 0.9908435  0.9920776  0.99121666
 0.99155694 0.9914065  0.9906993  0.99144137 0.99081504 0.9913352
 0.99222493 0.99177116 0.99235225 0.99253047 0.992173   0.9918021
 0.991685   0.99100316 0.9908174  0.99169534 0.9921131  0.99152267
 0.9919922  0.99184406 0.99159896 0.99130774 0.9915694  0.9922622
 0.992218   0.99239177 0.99158835 0.992077   0.99188083 0.9920374
 0.9915556  0.99184734 0.9913015  0.99147075 0.99191636 0.9920783
 0.9916373  0.9913938  0.9921302  0.9914184  0.99144924 0.99100375
 0.9906642  0.9907009 ] 0.0010751038852063785
place1_001_20_0003 29.46958 [0.993049   0.99328125 0.9934612  0.9932042  0.9924527  0.9936225
 0.99351335 0.99326015 0.993943   0.993306   0.9942446  0.993521
 0.99354887 0.9936665  0.9937106  0.99381655 0.9935282  0.9930884
 0.9934838  0.9935319  0.9938199  0.9941679  0.9936965  0.99330425
 0.9934598  0.9931502  0.9933429  0.9936785  0.993827   0.99227214
 0.9930853  0.99268097 0.9928914  0.9931203  0.9931112  0.99284106
 0.99293435 0.9928179  0.99245226 0.99235964 0.99260896 0.9924167
 0.99226016 0.9927156  0.9927702  0.9928145  0.9930485  0.992405
 0.9928738  0.9921129  0.99251264 0.9926004  0.99258703 0.9929157
 0.99335414 0.9922514  0.99293685 0.99296445 0.99323857 0.9935783
 0.9930157  0.9934278  0.99355805 0.99297804 0.9931566  0.9935459
 0.99326897 0.99331063 0.993558   0.99311155 0.99362755 0.99344033
 0.9930247  0.9929393  0.99363697 0.99359995 0.99257237 0.9936581
 0.99423367 0.9943532  0.99394274 0.99413013 0.9936058  0.99371177
 0.99402523 0.9942314  0.9937956  0.99299806 0.99270076 0.9933418
 0.9932017  0.99259645 0.9923768  0.9923529  0.9926205  0.99321276
 0.99247164 0.9930023  0.99335706 0.99389994 0.99350023 0.9935381
 0.99341136 0.9931875  0.9935072  0.99373424 0.99330246 0.9940924
 0.99424565 0.99446917 0.99483496 0.9944847  0.9947294  0.9946186
 0.9942525  0.994669   0.9935388  0.9946614  0.99437195 0.9938347
 0.99374825 0.9948584  0.99339783 0.99298155 0.9942922  0.9946199
 0.99435836 0.99476564 0.9936556  0.9940635  0.9939176  0.9939331
 0.9940236  0.99454343 0.99389446 0.9933429  0.9937943  0.99361736
 0.99389267 0.9943865  0.9934164  0.9942141  0.9938616  0.9937114
 0.993513   0.99346316 0.9933605  0.99309397 0.9921669  0.9921539
 0.9934127  0.9929488  0.9926578  0.9930627  0.9936544  0.99358994
 0.99333566 0.9938628  0.994692   0.9941417  0.9934468  0.99408513
 0.99381834 0.9938361  0.99357694 0.9936296  0.99387455 0.99376
 0.99381    0.99337375 0.99279594 0.9939402  0.9939411  0.9935581
 0.99304146 0.9931339  0.99313545 0.9928593  0.99284446 0.99245995
 0.9929638  0.992417   0.99294305 0.9932429  0.99349034 0.9937911
 0.9933712  0.99385417 0.9926605  0.9941019  0.9930345  0.99259746
 0.9937557  0.9926744  0.9930692  0.992517   0.99253196 0.99304813
 0.9918141  0.9924522 ] 0.0010167211764236846
place2_001_05_0009 27.159897 [0.9887698  0.988929   0.9893246  0.9895423  0.9900654  0.99028504
 0.9900546  0.99019295 0.9902118  0.99007    0.98964447 0.98964363
 0.98957026 0.99009925 0.98985666 0.98968655 0.9901145  0.9902315
 0.99025327 0.9899503  0.9893312  0.98970693 0.9900138  0.9902357
 0.99045575 0.9910008  0.9907082  0.99031293 0.98973143 0.9897186
 0.9893609  0.98935884 0.98933065 0.98929584 0.98968256 0.98973125
 0.99014485 0.9901719  0.9901009  0.99019074 0.9900019  0.99030226
 0.99001116 0.99003893 0.99019027 0.9902576  0.99071676 0.99110043
 0.9911443  0.99103695 0.9904324  0.9900182  0.9901952  0.9901769
 0.98989993 0.9899984  0.9898439  0.9897774  0.99012613 0.98977894
 0.98931545 0.98971504 0.98924756 0.9891535  0.99061525 0.98936814
 0.99045676 0.98997355 0.9902889  0.9893884  0.9890246  0.988994
 0.9890541  0.9892532  0.9886556  0.98765945 0.98744434 0.98772085
 0.98700213 0.9866393  0.98603415 0.98584884 0.9858135  0.9855423
 0.9860191  0.9861976  0.98602456 0.9852072  0.98486096 0.9849505
 0.98436904 0.9841773  0.9838935  0.9835852  0.9828226  0.98261356
 0.98342437 0.9831173  0.9834466  0.98369503 0.98339045 0.9833427
 0.98449403 0.98325014 0.9834701  0.98337466 0.98371214 0.9845988
 0.9845305  0.98477584 0.9859716  0.98644537 0.98687077 0.98722804
 0.9879843  0.987889   0.98762715 0.9864742  0.9862566  0.9879782
 0.98833954 0.98827636 0.98760974 0.98748237 0.98766476 0.98711425
 0.9876261  0.9882892  0.9882755  0.98826694 0.9889051  0.9883699
 0.98799676 0.9884257  0.988591   0.9884233  0.9884735  0.9883993
 0.98808986 0.98823327 0.9878367  0.98793316 0.9876714  0.9872658
 0.98751575 0.9877887  0.9882844  0.9881403  0.9880785  0.988294
 0.98823065 0.98818225 0.98802185 0.98751056 0.98769164 0.98677385
 0.9872745  0.9873264  0.98747694 0.9873448  0.98753303 0.9881481
 0.9880142  0.98790276 0.9878861  0.9878597  0.98755324 0.9878648
 0.987745   0.98772013 0.9877473  0.98786163 0.9871939  0.98743564
 0.98768073 0.98745495 0.9876489  0.9881102  0.9882972  0.98805565
 0.9878775  0.98771334 0.98772    0.9875601  0.98757225 0.98754394
 0.98699677 0.9875119  0.9879285  0.9881543  0.98766834 0.9879572
 0.9879622  0.98828346 0.9884473  0.9881028  0.98804224 0.98784554
 0.987234   0.9866006 ] 0.0007535088031920917
place2_001_10_0001 29.882607 [0.98796666 0.98887014 0.9891557  0.9891738  0.98929536 0.9897088
 0.9889032  0.9898194  0.9899305  0.9897364  0.990124   0.98998237
 0.9899818  0.99051464 0.9906906  0.98956215 0.9902978  0.99059474
 0.99036366 0.9906154  0.990276   0.9915083  0.990427   0.99063206
 0.99100226 0.99033695 0.99143875 0.9903583  0.99078685 0.99073213
 0.9906701  0.9904326  0.9910492  0.99094665 0.99132293 0.991255
 0.9910571  0.9914159  0.9911027  0.9918661  0.99223363 0.9924296
 0.992158   0.9924698  0.99153286 0.9921724  0.9908738  0.9930187
 0.99175835 0.99374884 0.99330896 0.99314266 0.99271417 0.9925998
 0.9934817  0.993429   0.9941592  0.9931296  0.99338025 0.9939991
 0.9925289  0.9921934  0.99256355 0.99241185 0.99241954 0.99211514
 0.99271804 0.99293506 0.9929952  0.99268603 0.9920527  0.9918591
 0.9903403  0.9908716  0.9901839  0.99267703 0.99190503 0.9937459
 0.9926001  0.992657   0.9933583  0.9929397  0.9924558  0.9930529
 0.9922534  0.99194306 0.990425   0.9900338  0.987718   0.98493147
 0.99087816 0.9901293  0.9890085  0.98753357 0.98855454 0.9880229
 0.98814774 0.98802227 0.9873049  0.98781866 0.9862408  0.9864557
 0.98699164 0.9870417  0.9879486  0.9867406  0.98752624 0.9874674
 0.98780495 0.9893677  0.98907757 0.98999596 0.9900213  0.990372
 0.9912888  0.99192715 0.9912459  0.99300295 0.9926536  0.99407077
 0.99368906 0.99359435 0.99384975 0.9947708  0.9934859  0.9937282
 0.9946304  0.99462485 0.99411935 0.9933291  0.994933   0.9932125
 0.9947712  0.99483263 0.9944471  0.9951298  0.99549884 0.9951752
 0.9960576  0.99641    0.997126   0.9956872  0.9952677  0.99609685
 0.9966562  0.99663156 0.9958489  0.9953872  0.99592185 0.9953763
 0.9950619  0.9952919  0.9953675  0.99522495 0.99482733 0.9942838
 0.9949134  0.99684197 0.9940467  0.99524367 0.9946624  0.99583054
 0.9949846  0.99644935 0.9962595  0.9956448  0.9964172  0.99532086
 0.99719477 0.99628377 0.9960837  0.99621814 0.9974097  0.9962508
 0.9962029  0.9971625  0.9968511  0.995875   0.99644566 0.9976471
 0.9976567  0.9962959  0.9955854  0.99727553 0.9955864  0.99644166
 0.99616987 0.99695885 0.9952596  0.99751157 0.9964793  0.99513555
 0.9964037  0.99644375 0.99534553 0.9960623  0.9955303  0.9950545
 0.9956236  0.99500495] 0.0005116681613489555
place2_001_10_0003 29.254745 [0.99120134 0.9918197  0.99149424 0.9919662  0.9919592  0.99234015
 0.993463   0.99243754 0.992637   0.9927087  0.99294305 0.9927125
 0.99302197 0.9938319  0.99320227 0.9936753  0.9935064  0.99413466
 0.99394137 0.99400294 0.9942101  0.9944031  0.9944748  0.9941588
 0.9938986  0.9938107  0.99357814 0.9927404  0.9929276  0.99303776
 0.99248713 0.99307185 0.9928496  0.9937866  0.9939355  0.99422175
 0.9937298  0.9941209  0.9939588  0.99394995 0.9939773  0.9937055
 0.99352205 0.99402994 0.993698   0.9939527  0.994048   0.9932615
 0.99344605 0.9938974  0.9943202  0.9925936  0.99265665 0.9930568
 0.9929658  0.99336016 0.9930016  0.99234855 0.99214214 0.9923555
 0.99236286 0.9924162  0.9926146  0.99168897 0.99309856 0.99327326
 0.9937333  0.99333227 0.99347043 0.9923512  0.9929529  0.9918147
 0.99320793 0.9937103  0.99347866 0.9932526  0.99244714 0.99249476
 0.99219984 0.99259406 0.99228066 0.99226296 0.9926144  0.99304944
 0.99266577 0.990686   0.99215513 0.9910892  0.9930507  0.99277914
 0.99153906 0.99086934 0.99020326 0.9917544  0.99206114 0.99101037
 0.99212027 0.9919491  0.99290526 0.99315184 0.99298584 0.99224186
 0.9929706  0.99303454 0.99202603 0.9926178  0.9932603  0.99337965
 0.9912762  0.9930588  0.9930443  0.9923459  0.9919591  0.99027145
 0.9908185  0.9913036  0.98996115 0.99174416 0.98968065 0.9914332
 0.99080247 0.99067724 0.9913989  0.99147195 0.99099356 0.99011564
 0.9902645  0.9909303  0.9916856  0.99112976 0.9913007  0.9927414
 0.99160576 0.9919011  0.9917044  0.9926408  0.99193585 0.99159503
 0.99310094 0.99234134 0.9921816  0.9926582  0.99232435 0.99271315
 0.9921917  0.992815   0.99260324 0.9922076  0.9922726  0.99298275
 0.9928556  0.9913825  0.9923313  0.99134564 0.9926742  0.99252754
 0.9927376  0.9923803  0.99177253 0.99042785 0.9909239  0.9917479
 0.99106175 0.9901852  0.99021393 0.9910755  0.9914295  0.9916508
 0.99200374 0.99186933 0.9914984  0.9914372  0.99172735 0.99237806
 0.9921696  0.99215764 0.9923302  0.9908658  0.991251   0.9916511
 0.99211764 0.9917581  0.9915765  0.9920781  0.9913839  0.9912986
 0.9909297  0.99097306 0.99159336 0.99145806 0.99195075 0.99141026
 0.99202204 0.9918029  0.99221313 0.9923007  0.9910628  0.99143654
 0.99211794 0.990891  ] 0.0010294144267673842
place2_001_15_0001 31.939844 [0.995771   0.99627775 0.9973703  0.99657434 0.99617594 0.9961032
 0.9966826  0.9955595  0.9958762  0.9964714  0.9959176  0.99615526
 0.9957859  0.9972048  0.9977758  0.9958518  0.99565524 0.9965429
 0.9967545  0.99662817 0.9978647  0.997157   0.9960084  0.9964324
 0.997065   0.9972875  0.99619544 0.9956229  0.99529237 0.99480486
 0.99468815 0.99487877 0.9959791  0.99490625 0.9951825  0.9957641
 0.99603343 0.9963379  0.99644125 0.99681365 0.9960347  0.9967868
 0.99626    0.9960759  0.9964754  0.9955531  0.9957051  0.9959661
 0.9956919  0.99554294 0.99561834 0.996567   0.9971267  0.9955689
 0.99495405 0.9961856  0.99711174 0.99562013 0.99678695 0.9967444
 0.99674404 0.9967964  0.9974222  0.99727046 0.9968519  0.99669975
 0.9956724  0.99705374 0.9974523  0.9954202  0.9965152  0.99602354
 0.99563456 0.9948972  0.9944247  0.9950971  0.9953286  0.99509996
 0.99410504 0.99461716 0.99302846 0.9943691  0.99337506 0.9950193
 0.99542177 0.9948247  0.9945207  0.99487126 0.9941605  0.9963997
 0.996163   0.9960545  0.99670887 0.9963312  0.99744225 0.9961959
 0.99684095 0.99681956 0.996245   0.99620503 0.9966266  0.99713695
 0.9969069  0.99644053 0.9970077  0.99676585 0.99743754 0.9975114
 0.9974632  0.9976271  0.9976278  0.9978493  0.9979338  0.99671286
 0.99693096 0.9969465  0.99674594 0.9966204  0.9967916  0.99687606
 0.9967021  0.9967223  0.9977299  0.99780935 0.99799    0.9978555
 0.99660254 0.99666137 0.9970198  0.99746233 0.99519694 0.995608
 0.9957674  0.9959795  0.99600345 0.99659586 0.99651074 0.99598736
 0.9959064  0.99567056 0.99605995 0.99677    0.996588   0.9963017
 0.9954544  0.99538267 0.9952651  0.9956999  0.9958749  0.99536854
 0.99581283 0.9955073  0.9944744  0.9948546  0.9951182  0.99531686
 0.99487793 0.9959052  0.9952567  0.9956268  0.9960349  0.9967447
 0.9963222  0.996311   0.9967821  0.9970865  0.9967409  0.99642164
 0.9957362  0.99656993 0.9968695  0.9959539  0.9960363  0.9961988
 0.995675   0.99590594 0.99644977 0.99590904 0.99459594 0.99497485
 0.9860211  0.9722752  0.9894115  0.9946182  0.99440414 0.9956089
 0.9939797  0.9953567  0.99562675 0.9949391  0.9961946  0.9950495
 0.99453497 0.99473727 0.9952931  0.9945096  0.9953089  0.9951962
 0.99496156 0.99493   ] 0.0005815538793916341
place2_001_15_0003 31.764122 [0.9975897  0.9979069  0.9966103  0.9979214  0.9980534  0.9978676
 0.9980272  0.9971671  0.9973976  0.99727416 0.99714166 0.99739426
 0.9977475  0.9968192  0.9968855  0.99779147 0.99696416 0.99714774
 0.99633557 0.99645466 0.99655074 0.99620473 0.9962167  0.99682957
 0.9961113  0.9958846  0.9972697  0.99721026 0.996465   0.99783325
 0.9958277  0.9957112  0.9955545  0.99652535 0.9964519  0.99491006
 0.99517375 0.9964506  0.9953892  0.99669135 0.99633056 0.9966986
 0.9948851  0.995217   0.9962807  0.99464047 0.9942298  0.99420416
 0.99520975 0.99548936 0.9962003  0.9957286  0.99499065 0.99431145
 0.994041   0.9954779  0.99571496 0.99608696 0.9943134  0.995378
 0.9952478  0.9949669  0.9958816  0.99472046 0.99581033 0.9955873
 0.99596506 0.9969224  0.9944578  0.9967024  0.99493027 0.99455833
 0.99452144 0.9950057  0.9955865  0.9955645  0.99600655 0.99509555
 0.99626786 0.9952733  0.99581045 0.99481094 0.99491256 0.99457943
 0.9958739  0.9946365  0.994681   0.99492264 0.99420077 0.99466383
 0.9962585  0.9956573  0.9955202  0.9954931  0.9951166  0.9942335
 0.99417746 0.9948645  0.99470747 0.99495226 0.99362236 0.9940347
 0.9947352  0.9951508  0.9942424  0.99411416 0.99372333 0.99321115
 0.9929078  0.9925925  0.9925768  0.99260324 0.9926147  0.9923369
 0.99270475 0.9923253  0.9934261  0.99415475 0.99517435 0.99616253
 0.99594283 0.9963781  0.995451   0.9965036  0.9950456  0.9959578
 0.99580413 0.9964922  0.9965196  0.9955541  0.9944985  0.9946052
 0.9955915  0.9964667  0.9960017  0.9960784  0.99608904 0.9965618
 0.99619836 0.995984   0.9963409  0.99643004 0.99618536 0.9960078
 0.9959012  0.9957786  0.9960862  0.9961804  0.99637717 0.9958942
 0.99511105 0.994714   0.99535066 0.9951888  0.9958249  0.9955018
 0.99548835 0.99555373 0.99563134 0.995429   0.99558055 0.99533194
 0.9953978  0.99629945 0.9955488  0.99649835 0.99648017 0.99633986
 0.9950375  0.9957029  0.9964355  0.99694216 0.9958512  0.99594516
 0.9961827  0.99583924 0.9955146  0.99650973 0.9949689  0.99641436
 0.9965538  0.9961414  0.99599296 0.9958161  0.99580914 0.99577487
 0.99618185 0.99604523 0.99609196 0.9959695  0.99657065 0.99545145
 0.9961551  0.9957912  0.99645257 0.9957628  0.99510366 0.99486554
 0.9946189  0.9931762 ] 0.0006390909176629414
place2_001_15_0004 31.1382 [0.9945102  0.99338406 0.99419945 0.9961941  0.9946217  0.99508613
 0.994466   0.9958432  0.9956822  0.996114   0.9949625  0.99508476
 0.9944175  0.99499494 0.99525553 0.9940592  0.9947687  0.9952009
 0.99401826 0.9948948  0.9942323  0.99489325 0.99518627 0.9964021
 0.996146   0.99630904 0.9961728  0.9946503  0.9947951  0.9960361
 0.99513364 0.9957995  0.99549174 0.995411   0.9941972  0.9941999
 0.9938329  0.9943066  0.9957773  0.99576205 0.9967445  0.99548537
 0.99538505 0.9942075  0.99468154 0.994551   0.99344724 0.99012345
 0.9899767  0.9894722  0.9887125  0.9864303  0.98699796 0.9856906
 0.9868584  0.9869246  0.9864568  0.987813   0.9888803  0.9898271
 0.9887849  0.9891843  0.9890814  0.9890963  0.99110985 0.99160296
 0.99106944 0.99189717 0.9940027  0.9952538  0.99377733 0.9946838
 0.9947772  0.99535644 0.9953618  0.9954668  0.9959219  0.99559325
 0.99641526 0.99604344 0.9963104  0.99639    0.99557924 0.9956741
 0.99558264 0.9956394  0.995884   0.99496806 0.9950075  0.995144
 0.9951261  0.99567235 0.99520725 0.9947058  0.99512523 0.99469745
 0.9947903  0.99491477 0.995457   0.99524444 0.99527353 0.9951917
 0.9950805  0.9952305  0.99503565 0.9952502  0.9950575  0.9960775
 0.99642026 0.99470425 0.99653673 0.99689555 0.995094   0.9949837
 0.99571157 0.9953611  0.9946064  0.9968434  0.9956014  0.99556285
 0.9964827  0.99631417 0.9953034  0.9952379  0.9954106  0.99481696
 0.99658334 0.9960858  0.99539167 0.9962989  0.99582714 0.99660254
 0.99572724 0.99590814 0.99591887 0.99601567 0.9957948  0.9951426
 0.99534553 0.99591607 0.9958489  0.9954553  0.9958948  0.9961773
 0.9960554  0.9958182  0.995975   0.99570435 0.99637884 0.9958502
 0.9943568  0.9947048  0.99562234 0.9952851  0.99468315 0.99583215
 0.99514496 0.9948511  0.9936476  0.9938615  0.9962331  0.99642944
 0.9965048  0.99623907 0.99636525 0.99629384 0.99653125 0.9963284
 0.9959734  0.99582714 0.99546266 0.99533623 0.9953777  0.995506
 0.9949913  0.9962236  0.99570334 0.9956841  0.9953867  0.9958307
 0.99581254 0.9960651  0.9962284  0.9960763  0.99542475 0.99604523
 0.9948229  0.99570423 0.9949965  0.99566454 0.9955361  0.995336
 0.9953211  0.99549323 0.9958187  0.99604446 0.9957177  0.9950436
 0.9947772  0.9954055 ] 0.0005557802763428223
place2_001_20_0005 32.00189 [0.996268   0.9961554  0.9971539  0.99648523 0.9966759  0.99662435
 0.99600524 0.99563634 0.9972717  0.9959431  0.9960944  0.99609095
 0.99541646 0.9950982  0.99486905 0.99464864 0.99446505 0.9935694
 0.99290603 0.9917809  0.9912903  0.98998326 0.99050444 0.9911452
 0.99132466 0.992016   0.9943788  0.9955559  0.9958798  0.9955992
 0.9966009  0.995934   0.9983272  0.99653924 0.99673474 0.9953846
 0.9953922  0.99623114 0.9964364  0.9961525  0.9969573  0.99771386
 0.99555725 0.9956049  0.9959331  0.9963385  0.99458975 0.9961487
 0.9954451  0.9956998  0.99578494 0.9943751  0.9961002  0.9959616
 0.9956732  0.99604994 0.99556625 0.9968273  0.99614155 0.9969302
 0.99598485 0.99531114 0.99594426 0.9957359  0.9958415  0.9956055
 0.9960517  0.9946086  0.9948773  0.996029   0.9951157  0.9937642
 0.99340546 0.99374527 0.9937366  0.9934462  0.99442744 0.99489194
 0.995601   0.99535376 0.9954781  0.99505854 0.99549305 0.9951566
 0.996694   0.9949963  0.9956318  0.9961683  0.9955328  0.9954369
 0.9958676  0.99584806 0.9963005  0.99541247 0.99677557 0.99673873
 0.9973406  0.9977523  0.99765897 0.99639636 0.9970579  0.9972546
 0.9968047  0.9975404  0.99565053 0.995335   0.99662846 0.9955926
 0.99701536 0.99725455 0.9967333  0.9965651  0.99672353 0.99701023
 0.99520254 0.99665225 0.9968186  0.9961268  0.99600345 0.99594826
 0.99600667 0.9976468  0.9964978  0.99614954 0.9973065  0.99648464
 0.99629295 0.99574894 0.9966314  0.99594176 0.99641    0.99645185
 0.9970506  0.99660295 0.99682593 0.9972396  0.9955175  0.9980169
 0.9960674  0.99602115 0.99573326 0.9962582  0.99581206 0.99544704
 0.9968637  0.99593973 0.9953832  0.99465287 0.9948935  0.99527717
 0.9972175  0.9956297  0.99617195 0.99622655 0.99502087 0.99618536
 0.9954875  0.9959812  0.9959291  0.99745417 0.9972305  0.9953998
 0.9971628  0.9949278  0.9966024  0.99682677 0.99637413 0.9959217
 0.99534243 0.9962874  0.9953836  0.99575764 0.9967823  0.9963796
 0.9956947  0.99516064 0.996554   0.9967211  0.9944988  0.9958797
 0.996027   0.99584407 0.99707717 0.9955638  0.99623626 0.9965742
 0.99656504 0.9958479  0.99855846 0.99675995 0.9977091  0.996474
 0.99849564 0.9965628  0.9969868  0.9973796  0.99699366 0.99635386
 0.9965367  0.99616086] 0.00046567037941515316
place3_001_05_0001 29.12902 [0.9922054  0.9926983  0.9927617  0.9927214  0.9930271  0.99286056
 0.99288917 0.99305356 0.99286145 0.9928953  0.9930842  0.9932419
 0.99302405 0.9931572  0.99291724 0.99304354 0.9930227  0.9927907
 0.99312717 0.992953   0.9930671  0.99299634 0.9932159  0.9929846
 0.99315387 0.9926066  0.99265033 0.9922603  0.99284595 0.99269694
 0.9926157  0.99222946 0.9924924  0.9926071  0.9925259  0.9922087
 0.99212235 0.99252343 0.99230725 0.9923578  0.9927585  0.99303484
 0.9929537  0.9923549  0.99241966 0.99245846 0.9926757  0.99272114
 0.99267894 0.9927877  0.99198925 0.99172485 0.99181354 0.99213135
 0.9925798  0.99280953 0.9930525  0.9929579  0.992824   0.9928454
 0.99250454 0.9925133  0.99231184 0.99269015 0.992425   0.9927136
 0.99285054 0.99261284 0.9925369  0.99237114 0.99266094 0.9927603
 0.9927957  0.99267    0.99263257 0.99274135 0.9926217  0.9926847
 0.9927311  0.9926021  0.9923537  0.9924245  0.99235386 0.9926396
 0.99252033 0.99240434 0.99241924 0.99217266 0.99227494 0.9926881
 0.99278224 0.9925245  0.99281675 0.99247086 0.99234384 0.99241483
 0.9926175  0.99249023 0.9926133  0.99267304 0.992755   0.9928073
 0.9929129  0.9929042  0.99265146 0.9927582  0.99289566 0.9926896
 0.9924809  0.9923916  0.99276525 0.99267673 0.99284446 0.992781
 0.99272203 0.9923007  0.9923171  0.9929164  0.9930306  0.9933761
 0.9929981  0.99309754 0.9930849  0.9926436  0.99276245 0.99259067
 0.9926272  0.9926858  0.9930947  0.99255604 0.99259794 0.9928927
 0.9928033  0.99285173 0.992977   0.99285173 0.9928776  0.9928158
 0.9929836  0.9928721  0.99289757 0.9932936  0.9931545  0.9931104
 0.99293053 0.99303657 0.9929679  0.9932457  0.99289334 0.9927466
 0.99287164 0.9926459  0.99271065 0.992203   0.9919159  0.99246645
 0.9920056  0.9920547  0.9923834  0.9926234  0.99278027 0.99263704
 0.9925873  0.99232817 0.9924995  0.9926894  0.9929125  0.99321413
 0.99259585 0.99261135 0.99265295 0.9931421  0.99305767 0.9930012
 0.9927674  0.9927164  0.99267244 0.9929867  0.99264383 0.9926303
 0.9924078  0.99252826 0.992486   0.9924601  0.9921919  0.992411
 0.9923916  0.9927921  0.99275565 0.99250424 0.9928325  0.99289846
 0.99278283 0.9928081  0.9927216  0.9925731  0.9928898  0.9924026
 0.9922407  0.9917421 ] 0.0005552004447934259
place3_001_05_0006 27.954922 [0.9887673  0.9898396  0.9899646  0.98873156 0.9889927  0.99010116
 0.9898296  0.9909559  0.99000907 0.9889729  0.98933965 0.9886619
 0.98662543 0.98704004 0.9865731  0.9872734  0.98898727 0.98985004
 0.98992383 0.99059355 0.99025905 0.990686   0.99080443 0.9898736
 0.9904093  0.9899471  0.9904736  0.9908993  0.9906268  0.99058366
 0.99078846 0.98986083 0.99030346 0.990687   0.99099976 0.99206936
 0.9913033  0.9909164  0.9913748  0.9909451  0.99038637 0.99185777
 0.9912832  0.99072444 0.9909894  0.9896144  0.9896537  0.9895905
 0.9885833  0.9882081  0.9877789  0.98854685 0.9890489  0.98967856
 0.9895334  0.98990077 0.989267   0.9887953  0.9881744  0.98745906
 0.9861326  0.98480105 0.98589116 0.9859409  0.9852203  0.98526347
 0.9855002  0.9854302  0.9854623  0.9849555  0.9849953  0.98526406
 0.9852494  0.9852297  0.9847413  0.98563826 0.9850616  0.9860275
 0.9856351  0.9854449  0.9861944  0.9868573  0.9858945  0.98721844
 0.9880652  0.987333   0.98823357 0.98819745 0.98895687 0.98888755
 0.98730785 0.986968   0.9861454  0.9870906  0.9867458  0.9881388
 0.9888583  0.9888786  0.98853856 0.98905087 0.98994213 0.9897337
 0.9900734  0.98987335 0.99096656 0.99055886 0.9900589  0.9910252
 0.9905807  0.9918451  0.99135756 0.9914067  0.9916891  0.99182236
 0.99115    0.99159557 0.9911287  0.9915205  0.99110067 0.99135244
 0.99063027 0.9909353  0.9909395  0.99123305 0.99089456 0.99027985
 0.990515   0.99060863 0.9906514  0.9909855  0.99096847 0.9905732
 0.99052244 0.9906871  0.99098355 0.9912675  0.9911876  0.99149793
 0.99090934 0.99091274 0.99132377 0.9913392  0.9915512  0.9914539
 0.9913269  0.9917453  0.9911507  0.9914129  0.99157387 0.99122053
 0.99161214 0.9906091  0.9914036  0.9918193  0.9912326  0.9920254
 0.9910237  0.9908721  0.99079907 0.99060446 0.99130726 0.99142104
 0.9911115  0.99112356 0.99199474 0.9912347  0.99154    0.9915524
 0.9907534  0.99108744 0.9912738  0.9904396  0.99178    0.991182
 0.991311   0.9915694  0.99134374 0.99190056 0.99251264 0.9921583
 0.99243367 0.99136275 0.99153936 0.9915285  0.99163884 0.99112743
 0.9905583  0.9910305  0.9913964  0.991303   0.9907964  0.9906688
 0.9909357  0.990884   0.9911275  0.991994   0.9920248  0.99152195
 0.99093735 0.9904331 ] 0.0009192925394544773
place3_001_05_0008 28.505678 [0.98928744 0.9889526  0.9902392  0.99030495 0.9904647  0.98999226
 0.9896343  0.9895733  0.9909648  0.9907424  0.9904586  0.99078816
 0.9899139  0.9901982  0.9911375  0.99046344 0.99139166 0.9903392
 0.9915173  0.99094003 0.9919214  0.99090064 0.9915962  0.99206007
 0.9918842  0.9918213  0.99218893 0.9921102  0.99210775 0.99080056
 0.9925912  0.9913992  0.99021375 0.99063855 0.9924328  0.9914405
 0.992644   0.9921994  0.991109   0.9931207  0.99328625 0.99308103
 0.99312484 0.9922658  0.9927384  0.9942708  0.9929608  0.9935548
 0.99347484 0.9934326  0.9937479  0.9929874  0.9926739  0.99265045
 0.992609   0.99172753 0.9906668  0.9902247  0.9901652  0.9904975
 0.9908448  0.99114966 0.992211   0.9922822  0.9925382  0.9917825
 0.99076533 0.9906568  0.99124825 0.99138397 0.99142814 0.9924841
 0.9917427  0.9926998  0.99111015 0.9917885  0.99244124 0.99223834
 0.9921497  0.99215096 0.9914732  0.99150306 0.99124557 0.99136674
 0.9913128  0.9910358  0.9924447  0.9928917  0.99208957 0.99163234
 0.99161726 0.9917483  0.9918971  0.99225366 0.9927648  0.99319845
 0.9923931  0.9926206  0.9921911  0.9918356  0.99254894 0.9926134
 0.9927126  0.99223965 0.99214125 0.99288154 0.9921519  0.99250466
 0.9931278  0.992535   0.99297416 0.9929044  0.99282026 0.99312013
 0.9925784  0.99259436 0.99243885 0.9932543  0.99354476 0.9939011
 0.99439347 0.9934161  0.992732   0.9924583  0.9917006  0.99185866
 0.9919238  0.99182427 0.99205273 0.9910496  0.9912399  0.99149275
 0.9905033  0.99005353 0.99067855 0.98941445 0.99024093 0.989998
 0.98980373 0.98998016 0.9896525  0.99000204 0.9905652  0.99067754
 0.9904026  0.99045086 0.99105066 0.9910497  0.9908957  0.9913888
 0.9914859  0.9915964  0.9913101  0.99107623 0.99054414 0.9910035
 0.9908729  0.9912689  0.99053556 0.9918753  0.9921831  0.9915484
 0.9915206  0.991677   0.99200124 0.99093235 0.99168587 0.991027
 0.9909878  0.9912194  0.99017614 0.989675   0.98900545 0.9895133
 0.9897924  0.9892718  0.9890797  0.9892122  0.98971575 0.9898334
 0.9899032  0.9894422  0.989405   0.9891163  0.9889181  0.9887839
 0.98850995 0.98858666 0.9889976  0.98875237 0.9888638  0.98861736
 0.988011   0.9875062  0.9877684  0.9877678  0.98781943 0.9875558
 0.9873756  0.9858832 ] 0.0009453482296131635
place3_001_10_0005 29.103334 [0.99219483 0.99249136 0.99209297 0.99196756 0.99204606 0.99270374
 0.99332356 0.9931406  0.9930062  0.9927938  0.9928356  0.99293596
 0.9926437  0.9923876  0.99242234 0.99237716 0.9924758  0.9930218
 0.9928483  0.9928063  0.99297756 0.99303377 0.99285376 0.9929494
 0.9928341  0.99292433 0.9928414  0.9926518  0.9927763  0.9929011
 0.99304277 0.9934632  0.99300677 0.9927481  0.9929774  0.9930754
 0.9930828  0.99322116 0.9933956  0.99315244 0.9929811  0.9924029
 0.9932229  0.9928884  0.9935221  0.99310005 0.9929207  0.9918641
 0.99120414 0.99144626 0.9915934  0.9923932  0.99136657 0.9916547
 0.9904581  0.9918668  0.9920933  0.99084973 0.99162215 0.99108183
 0.99090916 0.990452   0.9910151  0.9911369  0.9916935  0.9917721
 0.99167794 0.9919229  0.9919082  0.99146885 0.99141467 0.9917685
 0.99170226 0.99203384 0.99182945 0.9921949  0.99222755 0.992554
 0.99247974 0.9924249  0.9922228  0.992552   0.99224395 0.9922998
 0.992417   0.9925498  0.9919274  0.99233204 0.9920945  0.991938
 0.99218893 0.992061   0.99211484 0.9922347  0.9916904  0.99171555
 0.9920413  0.99280864 0.9933815  0.9920173  0.9927521  0.9918541
 0.9930363  0.99229825 0.99306214 0.9927149  0.991442   0.99243414
 0.9917344  0.9913677  0.99150145 0.9916331  0.992889   0.9928178
 0.9925347  0.9922844  0.992107   0.99132496 0.99181545 0.9917768
 0.9916508  0.9916911  0.99283826 0.9926569  0.9921181  0.9925719
 0.992856   0.9930691  0.9927543  0.99265176 0.99317867 0.9929866
 0.993006   0.9927735  0.99266934 0.99312425 0.99365515 0.99298
 0.99294335 0.99297816 0.9931751  0.99290764 0.9929869  0.99261963
 0.9926205  0.9927613  0.99253774 0.99261796 0.9927865  0.99273086
 0.992617   0.9926142  0.9929096  0.99215835 0.992003   0.99153966
 0.99081093 0.9915717  0.9916721  0.9920257  0.9925258  0.992647
 0.99332756 0.99341667 0.9921104  0.99204695 0.9921806  0.99283934
 0.9924517  0.9924529  0.9923658  0.9919072  0.99229115 0.99256164
 0.9921255  0.9927544  0.99220407 0.9923175  0.992562   0.9925312
 0.991968   0.99217516 0.99175775 0.9915211  0.9915887  0.9914661
 0.99139464 0.9914586  0.99216217 0.9920974  0.99199384 0.9918657
 0.9921403  0.99266344 0.99312705 0.9922517  0.99213856 0.9917005
 0.99238646 0.9920777 ] 0.000784804371615993
place3_001_10_0009 29.334715 [0.99119    0.9911278  0.9922791  0.9923282  0.99236625 0.99180126
 0.99300927 0.99284416 0.9931241  0.9927552  0.9935976  0.9926962
 0.99327844 0.9922941  0.99276    0.9933412  0.9931564  0.99310887
 0.99307895 0.99292994 0.9928725  0.9928315  0.99267393 0.9929112
 0.9931954  0.9928496  0.9932801  0.99325156 0.99307895 0.9926478
 0.99266165 0.9924237  0.9928746  0.99299586 0.9926982  0.99273527
 0.99359715 0.99298024 0.99262446 0.99287236 0.99318135 0.99357045
 0.9934794  0.99347466 0.99363244 0.9937021  0.9936256  0.9935645
 0.99336386 0.9933475  0.99323124 0.993233   0.9932331  0.9930038
 0.99296767 0.99324405 0.9932849  0.99327195 0.9934463  0.99341965
 0.99328965 0.99296004 0.99297523 0.9930862  0.99331474 0.9929738
 0.99295896 0.99274784 0.9931187  0.99278134 0.99250746 0.99298286
 0.9934192  0.9937774  0.9940414  0.99375457 0.9934796  0.9930046
 0.99288625 0.99282765 0.9930013  0.9932866  0.99287754 0.99316734
 0.9930554  0.9930038  0.9928871  0.99367577 0.99347264 0.99344563
 0.9934773  0.9926467  0.9921368  0.99262285 0.9928754  0.9930126
 0.9926693  0.99277776 0.99293643 0.99327654 0.9933024  0.99338365
 0.99327326 0.99299073 0.9932023  0.9934775  0.9935353  0.99298906
 0.9930258  0.9929883  0.9930913  0.99330103 0.9932644  0.9932805
 0.9931979  0.99324185 0.99331284 0.9933696  0.9933905  0.9931641
 0.9932235  0.993078   0.992921   0.99317604 0.99277073 0.9926384
 0.9931697  0.9931492  0.99302584 0.9934077  0.9927517  0.9925237
 0.9933516  0.9933319  0.99323004 0.99316317 0.9932865  0.9930513
 0.993314   0.99271303 0.99318975 0.9933075  0.99333763 0.9934923
 0.99338174 0.993217   0.9930891  0.9931553  0.9931739  0.9933622
 0.993271   0.9931358  0.9928038  0.99235773 0.9919962  0.99197125
 0.9924269  0.99252665 0.9925358  0.9929292  0.9926265  0.99284595
 0.9927992  0.9928499  0.99274224 0.99256    0.9925932  0.99274963
 0.99270064 0.9925431  0.99246407 0.9925363  0.99234223 0.9926836
 0.9925733  0.99268174 0.9925702  0.9933573  0.9931254  0.99276674
 0.99256736 0.99223846 0.9923416  0.99286246 0.992952   0.9929018
 0.99282306 0.9930387  0.9930621  0.9929966  0.992942   0.99286354
 0.992766   0.99282366 0.99217945 0.99274474 0.9924612  0.99220586
 0.9925128  0.9918091 ] 0.0008807493609891659
place3_001_15_0009 25.373074 [0.9854437  0.9867685  0.9883041  0.9879687  0.9866151  0.9855722
 0.98397946 0.98291844 0.9817858  0.98106194 0.98067224 0.981634
 0.9821919  0.9824379  0.9826484  0.9825924  0.9828388  0.9824818
 0.98263365 0.98245233 0.98220116 0.9816507  0.9809611  0.98080015
 0.9803593  0.9812611  0.9814541  0.9820825  0.98289305 0.98360777
 0.982611   0.9823291  0.98141104 0.9822833  0.9831938  0.9842806
 0.985288   0.9862522  0.9866033  0.98748887 0.98715854 0.9879724
 0.9864987  0.98628914 0.9846632  0.98233795 0.9814041  0.9822231
 0.9814242  0.9813057  0.98182815 0.98106974 0.9796053  0.98017156
 0.9810733  0.98193717 0.98288155 0.98240995 0.9824377  0.9824423
 0.9831211  0.98271155 0.9826869  0.9804745  0.98069465 0.98206574
 0.9820251  0.98306924 0.98246914 0.9827363  0.98324835 0.98310953
 0.9844199  0.98427135 0.9847359  0.98390085 0.9851916  0.9854201
 0.98517644 0.9845881  0.9838566  0.9822931  0.9804042  0.9806756
 0.98115146 0.9813694  0.9812164  0.9809462  0.9807826  0.9806001
 0.9806467  0.98073137 0.9786051  0.9795673  0.978164   0.9766982
 0.9761088  0.97697604 0.9770563  0.9782918  0.97876275 0.9796092
 0.98013574 0.9809014  0.9810283  0.9809174  0.979944   0.9811084
 0.98111695 0.98100084 0.98112833 0.9810377  0.9807065  0.9798052
 0.9796179  0.9784551  0.9785867  0.97954696 0.9799022  0.9803074
 0.9802102  0.9802261  0.980702   0.98089164 0.98135513 0.98022705
 0.981368   0.9810579  0.98112494 0.98114395 0.97997516 0.9806453
 0.9800735  0.9808494  0.9810327  0.98170584 0.98149246 0.9815071
 0.98157674 0.9819672  0.9815197  0.9823136  0.98253447 0.98184174
 0.98203015 0.9827839  0.98259276 0.9828047  0.98290277 0.9829621
 0.982629   0.98208874 0.98191375 0.9822513  0.98207515 0.98351663
 0.983818   0.9832801  0.9826183  0.9822057  0.98208094 0.98192555
 0.9821033  0.9821885  0.9824744  0.9824573  0.98222846 0.9822754
 0.9831306  0.98308104 0.98271173 0.9828926  0.9828703  0.9827238
 0.9824919  0.9825672  0.98237103 0.98213106 0.9820561  0.98233265
 0.98195267 0.9818092  0.98131317 0.98146474 0.9817998  0.9822615
 0.98262453 0.98242664 0.98245305 0.982306   0.9820582  0.98190576
 0.98181504 0.981689   0.9813883  0.98101157 0.98118746 0.98079026
 0.97946775 0.9790352 ] 0.0009077614063308964



overall_average 28.089867839106805 [0.9880757  0.9887161  0.98880917 0.98880625 0.9887297  0.9889008
 0.98874843 0.9887669  0.98876655 0.9885449  0.9884847  0.98868614
 0.9884449  0.98860574 0.9884629  0.98838085 0.9886069  0.98869437
 0.98868966 0.98866737 0.9886203  0.9887108  0.9887947  0.98899645
 0.9889109  0.9889871  0.9890559  0.9890035  0.98904157 0.9890362
 0.9887318  0.98846513 0.98856646 0.98858935 0.98875856 0.9884679
 0.9886125  0.9889085  0.9891208  0.9891709  0.98896205 0.98900974
 0.9885922  0.9883849  0.98842484 0.988399   0.9881866  0.98808014
 0.98783064 0.98761207 0.9874854  0.9871517  0.9870807  0.98696053
 0.9871082  0.98714703 0.98717743 0.98711926 0.98690826 0.98696846
 0.9864688  0.98623264 0.9863652  0.98621535 0.98637515 0.98625565
 0.98615927 0.9862967  0.986659   0.98659784 0.9868428  0.9871292
 0.98730254 0.98764294 0.9876717  0.9876838  0.9876415  0.9878604
 0.98800015 0.9879728  0.9879209  0.9878728  0.98769414 0.98780745
 0.9879859  0.9878104  0.98797345 0.98800796 0.9876559  0.9875775
 0.98781234 0.9874764  0.98716116 0.9872907  0.9873     0.9872295
 0.9873578  0.98757505 0.9876782  0.987746   0.9877823  0.98786587
 0.9880012  0.9876908  0.9876596  0.98754257 0.98761797 0.98774034
 0.9878335  0.98797274 0.9880701  0.9882194  0.9882401  0.9881633
 0.98832566 0.9882325  0.988203   0.9885777  0.9883122  0.9884854
 0.9884736  0.9884717  0.9881652  0.98824567 0.98817796 0.98818105
 0.98849785 0.98882496 0.9887637  0.9886944  0.9886351  0.9887393
 0.9888988  0.98909265 0.9892865  0.98933595 0.98934203 0.98938745
 0.9893543  0.98944443 0.9894826  0.98952216 0.98954225 0.9895343
 0.9896474  0.9896487  0.98964876 0.98970085 0.9897232  0.9897158
 0.98978347 0.989718   0.9895183  0.9893252  0.98909307 0.9892764
 0.9892404  0.9895036  0.98929787 0.98959917 0.9896109  0.9897323
 0.98968804 0.98960537 0.98974305 0.98984474 0.989843   0.9897168
 0.9894202  0.9894013  0.98929733 0.989424   0.98935044 0.9892627
 0.9891916  0.98930323 0.9893768  0.98921514 0.98901415 0.989301
 0.98894364 0.98828834 0.9889877  0.98913836 0.988966   0.98911667
 0.9888775  0.98912036 0.98918647 0.98933643 0.9894185  0.9890832
 0.9892497  0.98910326 0.98918563 0.9891491  0.9890143  0.98869634
 0.98854977 0.9878605 ] 0.0006955965350767166
